1.000000000000000000e+02 3.141592653589793116e+00 1.570796326794896336e+00 1.570796326794896336e+00 1.570796326794896336e+00 1.570796326794896336e+00 9.553166181245090760e-01 9.553166181245094091e-01 9.553166181245090760e-01 9.553166181245094091e-01 2.186276035465283929e+00 2.186276035465283929e+00 2.186276035465283929e+00 2.186276035465283929e+00
3.141592653589793116e+00 1.000000000000000000e+02 1.570796326794896336e+00 1.570796326794896780e+00 1.570796326794896336e+00 1.570796326794896336e+00 2.186276035465283929e+00 2.186276035465283929e+00 2.186276035465283929e+00 2.186276035465283929e+00 9.553166181245090760e-01 9.553166181245094091e-01 9.553166181245094091e-01 9.553166181245095201e-01
1.570796326794896336e+00 1.570796326794896336e+00 1.000000000000000000e+02 3.141592653589793116e+00 1.570796326794896336e+00 1.570796326794896336e+00 9.553166181245090760e-01 9.553166181245094091e-01 2.186276035465283929e+00 2.186276035465283929e+00 9.553166181245090760e-01 9.553166181245094091e-01 2.186276035465283929e+00 2.186276035465283929e+00
1.570796326794896336e+00 1.570796326794896780e+00 3.141592653589793116e+00 1.000000000000000000e+02 1.570796326794896336e+00 1.570796326794896336e+00 2.186276035465283929e+00 2.186276035465283929e+00 9.553166181245090760e-01 9.553166181245094091e-01 2.186276035465283929e+00 2.186276035465283929e+00 9.553166181245090760e-01 9.553166181245094091e-01
1.570796326794896336e+00 1.570796326794896336e+00 1.570796326794896336e+00 1.570796326794896336e+00 1.000000000000000000e+02 3.141592653589793116e+00 9.553166181245092980e-01 2.186276035465283929e+00 9.553166181245094091e-01 2.186276035465283929e+00 9.553166181245092980e-01 2.186276035465283929e+00 9.553166181245094091e-01 2.186276035465283929e+00
1.570796326794896336e+00 1.570796326794896336e+00 1.570796326794896336e+00 1.570796326794896336e+00 3.141592653589793116e+00 1.000000000000000000e+02 2.186276035465283929e+00 9.553166181245090760e-01 2.186276035465283929e+00 9.553166181245092980e-01 2.186276035465283929e+00 9.553166181245090760e-01 2.186276035465283929e+00 9.553166181245092980e-01
9.553166181245090760e-01 2.186276035465283929e+00 9.553166181245090760e-01 2.186276035465283929e+00 9.553166181245092980e-01 2.186276035465283929e+00 1.000000000000000000e+02 1.230959417340774964e+00 1.230959417340774520e+00 1.910633236249018596e+00 1.230959417340774520e+00 1.910633236249018596e+00 1.910633236249018596e+00 3.141592653589793116e+00
9.553166181245094091e-01 2.186276035465283929e+00 9.553166181245094091e-01 2.186276035465283929e+00 2.186276035465283929e+00 9.553166181245090760e-01 1.230959417340774964e+00 1.000000000000000000e+02 1.910633236249018596e+00 1.230959417340774520e+00 1.910633236249018596e+00 1.230959417340774520e+00 3.141592653589793116e+00 1.910633236249018596e+00
9.553166181245090760e-01 2.186276035465283929e+00 2.186276035465283929e+00 9.553166181245090760e-01 9.553166181245094091e-01 2.186276035465283929e+00 1.230959417340774520e+00 1.910633236249018596e+00 1.000000000000000000e+02 1.230959417340774964e+00 1.910633236249018596e+00 3.141592653589793116e+00 1.230959417340774520e+00 1.910633236249018596e+00
9.553166181245094091e-01 2.186276035465283929e+00 2.186276035465283929e+00 9.553166181245094091e-01 2.186276035465283929e+00 9.553166181245092980e-01 1.910633236249018596e+00 1.230959417340774520e+00 1.230959417340774964e+00 1.000000000000000000e+02 3.141592653589793116e+00 1.910633236249018596e+00 1.910633236249018596e+00 1.230959417340774520e+00
2.186276035465283929e+00 9.553166181245090760e-01 9.553166181245090760e-01 2.186276035465283929e+00 9.553166181245092980e-01 2.186276035465283929e+00 1.230959417340774520e+00 1.910633236249018596e+00 1.910633236249018596e+00 3.141592653589793116e+00 1.000000000000000000e+02 1.230959417340774964e+00 1.230959417340774964e+00 1.910633236249018596e+00
2.186276035465283929e+00 9.553166181245094091e-01 9.553166181245094091e-01 2.186276035465283929e+00 2.186276035465283929e+00 9.553166181245090760e-01 1.910633236249018596e+00 1.230959417340774520e+00 3.141592653589793116e+00 1.910633236249018596e+00 1.230959417340774964e+00 1.000000000000000000e+02 1.910633236249018596e+00 1.230959417340774964e+00
2.186276035465283929e+00 9.553166181245094091e-01 2.186276035465283929e+00 9.553166181245090760e-01 9.553166181245094091e-01 2.186276035465283929e+00 1.910633236249018596e+00 3.141592653589793116e+00 1.230959417340774520e+00 1.910633236249018596e+00 1.230959417340774964e+00 1.910633236249018596e+00 1.000000000000000000e+02 1.230959417340774964e+00
2.186276035465283929e+00 9.553166181245095201e-01 2.186276035465283929e+00 9.553166181245094091e-01 2.186276035465283929e+00 9.553166181245092980e-01 3.141592653589793116e+00 1.910633236249018596e+00 1.910633236249018596e+00 1.230959417340774520e+00 1.910633236249018596e+00 1.230959417340774964e+00 1.230959417340774964e+00 1.000000000000000000e+02
